/*!
 * \file KW_MAP.cpp
 * \brief Estymacja MAP, bez uśredniania punktów
 * \author kwasak
 * \date 2011-04-03
 */

#include <memory>
#include <string>
#include <math.h> 

#include "KW_MAP.hpp"
#include "Logger.hpp"
#include "Types/Ellipse.hpp"
#include "Types/Line.hpp"
#include "Types/Rectangle.hpp"
#include <vector>
#include <iomanip>

namespace Processors {
namespace KW_MAP {

using namespace cv;

KW_MAP::~KW_MAP() {
	LOG(LTRACE) << "Good bye KW_MAP\n";
}

bool KW_MAP::onInit() {
	LOG(LTRACE) << "KW_MAP::initialize\n";

	h_onNewImage.setup(this, &KW_MAP::onNewImage);
	registerHandler("onNewImage", &h_onNewImage);

	h_onNewBlobs.setup(this, &KW_MAP::onNewBlobs);
	registerHandler("onNewBlobs", &h_onNewBlobs);

	registerStream("in_blobs", &in_blobs);
	registerStream("in_img", &in_img);

	newImage = registerEvent("newImage");

	registerStream("out_signs", &out_signs);
	registerStream("out_draw", &out_draw);

	factor = 0.01;
	nrChar = 20;
	nrStates = 29;

	// czy warunek stopu jest spełniony
	STOP = false;

	//pierwsze uruchomienie komponentu
	first = true;

	return true;
}

bool KW_MAP::onFinish() {
	LOG(LTRACE) << "KW_MAP::finish\n";

	return true;
}

bool KW_MAP::onStep() {
	LOG(LTRACE) << "KW_MAP::step\n";

	blobs_ready = img_ready = false;

	try {
		ileObrazkow = ileObrazkow + 1;
		drawcont.clear();

		if(STOP == false)
		{
			z.clear();
			charPoint.clear();
			diff.clear();
			state.clear();
			T.clear();
			diffStates.clear();

			getCharPoints();
			projectionMeasurePoints();

			if (first == true)
			{
				// char --> s, z pomiarów oblicza stan
				charPointsToState();
				//projectionEstimatedPoints();
				first = true;
			}
			else
			{
				// s --> z
				stateToCharPoint();
				projectionEstimatedPoints();
				calculateDiff();
				updateState();
			}

			projectionStates();
			stopCondition();
		}
		else
		{
			projectionStates();
		}

		out_draw.write(drawcont);
		newImage->raise();

		return true;
	} catch (...) {
		LOG(LERROR) << "KW_MAP::getCharPoints failed\n";
		return false;
	}
}

bool KW_MAP::onStop() {
	return true;
}

bool KW_MAP::onStart() {
	return true;
}

void KW_MAP::onNewImage() {
	LOG(LTRACE) << "KW_MAP::onNewImage\n";

	img_ready = true;
	tsl_img = in_img.read();
	//co robi tak linijka?
	tsl_img = tsl_img.clone();
	if (blobs_ready && img_ready)
		onStep();
}

void KW_MAP::onNewBlobs() {
	LOG(LTRACE) << "KW_MAP::onNewBlobs\n";

	blobs_ready = true;
	blobs = in_blobs.read();
	if (blobs_ready && img_ready)
		onStep();
}

void KW_MAP::getCharPoints() {

	LOG(LTRACE) << "KW_MAP::getCharPoints\n";

	try {

		std::ofstream plik1("/home/kasia/Test1.txt");
		std::ofstream plik2("/home/kasia/Test2.txt");
		std::ofstream plik3("/home/kasia/Test3.txt");
		// id największego bloba, czyli dłoni
		int id = 0;
		//numerElements - liczba punktów wchodzących w skład konturu
		unsigned int numerElements;
		// aktualnie pobrany blob
		Types::Blobs::Blob *currentBlob;
		// wynikowy blob
		Types::Blobs::BlobResult result;
		// punkty znajdujace sie na konturze
		CvSeq * contour;
		// czyta elementy na konturu
		CvSeqReader reader;
		// punkt, na którym aktualnie jest wykonywana operacja
		cv::Point actualPoint;
		// wektor zawierający punkty konturu
		vector<cv::Point> contourPoints;
		// wektor odległości między punktami konturu a przesuniętym środkiem ciężkości
		vector<float> dist;
		//usredniony (wygładzony) wektor odległości między punktami konturu a przesuniętym środkiem ciężkości
		vector<float> meanDist;
		//wektor czastowych pochodnych wektor odległości między punktami konturu a przesuniętym środkiem ciężkości
		vector<float> derivative;
		//zmienna pomocnicza
		float TempDist;
		//zapamietuje poprzedni znak różnicy miedzy punktami,
		//1- funkcja jest rosnoca, -1 - funkcja malejąca
		int lastSign;
		int lastMinDist;
		//idenksy punktów charakterystycznych;
		vector<int> indexPoint;
		//powyzej tej odległości od środa cieżkosci moga znajdować sie ekstrema
		int MINDIST;
		//id ostatenio wyznaczonego ekstremum
		int idLastExtreme;
		//kontener przechowujący elementy, które mozna narysować
		Types::DrawableContainer signs;

		//momenty goemetryczne potrzebne do obliczenia środka ciężkości
		double m00, m10, m01;
		//powierzchnia bloba, powiedzchnia największego bloba, współrzędne środka ciężkości, maksymalna wartośc współrzędnej Y
		double Area, MaxArea, CenterOfGravity_x, CenterOfGravity_y, MaxY;

		MaxArea = 0;
		MaxY = 0;

		//największy blob to dłoń
		for (int i = 0; i < blobs.GetNumBlobs(); i++) {
			currentBlob = blobs.GetBlob(i);

			Area = currentBlob->Area();
			//szukanie bloba o największej powierzchni
			if (Area > MaxArea) {
				MaxArea = Area;
				// id największego bloba, czyli dłoni
				id = i;
			}
		}

		//current Blob przychowuje największego bloba, czyli dłoni
		currentBlob = blobs.GetBlob(id);
		//kontur największego bloba
		contour = currentBlob->GetExternalContour()->GetContourPoints();
		cvStartReadSeq(contour, &reader);

		for (int j = 0; j < contour->total; j = j + 1) {
			CV_READ_SEQ_ELEM( actualPoint, reader);

			if (j % 10 == 1) {
				//wpisanie punktów z konturu do wektora
				contourPoints.push_back(cv::Point(actualPoint.x, actualPoint.y));
				//szukanie max wartoścy y
				if (actualPoint.y > MaxY) {
					MaxY = actualPoint.y;
				}
			}
		}

		// calculate moments
		m00 = currentBlob->Moment(0, 0);
		m01 = currentBlob->Moment(0, 1);
		m10 = currentBlob->Moment(1, 0);

		//obliczenie środka cięzkości
		CenterOfGravity_x = m10 / m00;
		CenterOfGravity_y = m01 / m00;

		MINDIST = (MaxY - CenterOfGravity_y) * (MaxY - CenterOfGravity_y) * 4
				/ 9;
		//przesuniety punkt środka ciężkości
		charPoint.push_back(cv::Point(CenterOfGravity_x, CenterOfGravity_y
				+ (MaxY - CenterOfGravity_y) * 4 / 5));

		//środek cieżkości przesuwał troche w dół ekranu, aby ułatwić wyznaczanie punktóe charakterystycznych
		CenterOfGravity_y += (MaxY - CenterOfGravity_y) * 2 / 3;

		//liczba punktów wchodząca w skład konturu
		numerElements = contourPoints.size();

		//******************************************************************
		//obliczenie roznicy miedzy punktami konturu a przesuniętym środkiem ciężkosci
		for (unsigned int i = 0; i < numerElements; i++) {
			TempDist = (contourPoints[i].x - CenterOfGravity_x)
					* (contourPoints[i].x - CenterOfGravity_x)
					+ (contourPoints[i].y - CenterOfGravity_y)
							* (contourPoints[i].y - CenterOfGravity_y);
			plik1<<sqrt(TempDist)<<"\n";
			if (TempDist > MINDIST)
				dist.push_back(TempDist);
			else
				//jeśli odległość jest mniejsza niż MINDIST oznacza to, że jest to dolna cześć dłoni i nie znajdują się tam żadnego punkty charakterystyczne poza przesuniętym środkiem ciężkości, dlatego te punkty można ominąć
				dist.push_back(MINDIST);
		}

		//******************************************************************
		//obliczenie pochodnej, szukanie ekstremów
		derivative.push_back(dist[1] - dist[0]);
		if (derivative[0] > 0)
			lastSign = 1;
		else
			lastSign = -1;

		//1 -oznacza, że ostatni element z konturu należał do dolnej czesci dłoni
		lastMinDist = 0;
		idLastExtreme = 0;
		//pierwszy punkt kontury to wierzchołek punktu środkowego.
		indexPoint.push_back(0);

		for (unsigned int i = 1; i < numerElements - 2; i++) {

			plik2<<sqrt(dist[i])<<"\n";
			//różnica miedzy sąsiedznimi punktami
			derivative.push_back(dist[i + 1] - dist[i]);
			plik3<<sqrt(dist[i + 1] - dist[i])<<"\n";
			if (dist[i + 1] > MINDIST && dist[i] > MINDIST) {
				//jeżeli ostatnio był wykryta dolna cześci dłoni, następnym charakterystycznych punktem powinien być czubek palca, dlatego lastSign = 1;
				if (lastMinDist == 1) {
					lastSign = 1;
					lastMinDist = 0;
				}
				//maksiumum - czubek palca, funkcja rosła i zaczeła maleć
				if (derivative[i] < 0 && lastSign == 1) {
					if (((contourPoints[i].x - contourPoints[idLastExtreme].x)
							* (contourPoints[i].x
									- contourPoints[idLastExtreme].x)
							+ (contourPoints[i].y
									- contourPoints[idLastExtreme].y)
									* (contourPoints[i].y
											- contourPoints[idLastExtreme].y))
							> 900) {
						indexPoint.push_back(i);
						lastSign = -1;
						idLastExtreme = i;
					}
				}
				//minimum - punkt między palcami
				else if (derivative[i] > 0 && lastSign == -1) {
					if (((contourPoints[i].x - contourPoints[idLastExtreme].x)
							* (contourPoints[i].x
									- contourPoints[idLastExtreme].x)
							+ (contourPoints[i].y
									- contourPoints[idLastExtreme].y)
									* (contourPoints[i].y
											- contourPoints[idLastExtreme].y))
							> 900) {
						indexPoint.push_back(i);
						lastSign = 1;
						idLastExtreme = i;
					}
				}
			} else {
				// element należący do dołu dłoni
				lastMinDist = 1;
			}
		}

		int idLeftPoint = 0;
		int xLeftPoint = 1000000;
		for (unsigned int i = 0; i < indexPoint.size(); i++) {
			//znajdujemy punkt najbardziej wysynięty na lewo, czyli wierzchołek małego palca
			if (xLeftPoint > contourPoints[indexPoint[i]].x) {
				xLeftPoint = contourPoints[indexPoint[i]].x;
				idLeftPoint = i;
			}
		}

		for (int i = idLeftPoint; i >= 0; i--) {
			//wpisanie do tablicy punktów charakterystycznych punktów opisujących trzy lewe palce
			charPoint.push_back(cv::Point(contourPoints[indexPoint[i]].x,
					contourPoints[indexPoint[i]].y));
		}

		for (int i = indexPoint.size() - 1; i > idLeftPoint; i--) {
			//wpisanie do tablicy punktów charakterystycznych punktów opisujących dwa prawe palce
			charPoint.push_back(cv::Point(contourPoints[indexPoint[i]].x,
					contourPoints[indexPoint[i]].y));
		}

		result.AddBlob(blobs.GetBlob(id));
		out_signs.write(result);

		plik1.close();
		plik2.close();
		plik3.close();

	} catch (...) {
		LOG(LERROR) << "KW_MAP::getCharPoints failed\n";

	}
}

//projekcja na obraz punktów charakterystycznych z aktualnego obrazka
void KW_MAP::projectionMeasurePoints() {
//	LOG(LTRACE) << "KW_MAP::projectionMeasurePoints\n";

	Types::Ellipse * el;
	for (unsigned int i = 0; i < nrChar / 2; i++) {
		el = new Types::Ellipse(Point2f(charPoint[i].x, charPoint[i].y),
				Size2f(10, 10));
		el->setCol(CV_RGB(0,0,255));
		drawcont.add(el);
	}

}

void KW_MAP::charPointsToState() {
//	LOG(LTRACE) << "KW_MAP::charPointsToState\n";

	//obliczanie parametrów prostokąta opisującego wewnętrzą część dłoni
	//wspolrzedna x lewego gornego punktu
	state.push_back(charPoint[0].x - (charPoint[8].x - charPoint[0].x));
	//wspolrzedna y lewego gornego punktu
	state.push_back(charPoint[6].y);
	//szerokosc
	state.push_back(abs(2 * (charPoint[8].x - charPoint[0].x)));
	//wysokosc
	state.push_back(abs(charPoint[0].y - charPoint[6].y));

	//tworzenie na podstawie punktów charekterystycznych parametrów stanu
	fingerToState(charPoint[1], charPoint[2], 1);
	fingerToState(charPoint[3], charPoint[4], 1);
	fingerToState(charPoint[5], charPoint[6], 1);
	fingerToState(charPoint[7], charPoint[6], -1);
	fingerToState(charPoint[9], charPoint[8], -1);
/*
	for (unsigned int i = 0; i < nrStates; i++) {
		cout << i << " states\t" << state[i] << "\n";
	}
*/
}

//punkcja obracająca punkt p o kąt angle według układu współrzędnych znajdującym się w punkcie p0
cv::Point KW_MAP::rot(cv::Point p, double angle, cv::Point p0) {
	cv::Point t;
	t.x = p0.x + (int) ((double) (p.x - p0.x) * cos(angle) - (double) (p.y
			- p0.y) * sin(angle));
	t.y = p0.y + (int) ((double) (p.x - p0.x) * sin(angle) + (double) (p.y
			- p0.y) * cos(angle));
	return t;
}

//funkcja obliczająca parametry stanu na podstawie punktów charakterystycznych
//p2 - czubek palca, p1 - punkt miedzy palcami
void KW_MAP::fingerToState(cv::Point p2, cv::Point p1, int sig) {

	LOG(LTRACE) << "KW_MAP::fingerToState\n";

	//tg kąta nachylenia
	double dx = p2.x - charPoint[0].x;
	double dy = p2.y - charPoint[0].y;
	//argument kąta nachylenia
	double angle = atan2(dy, dx);
	double rotangle = angle + M_PI_2;

	//obrót punktów charakterystycznych o kąt nachylenia względem układu współrzędnych znajdującym się w punkcie dołu dłoni
	cv::Point pt1 = rot(p1, -rotangle, charPoint[0]);
	cv::Point pt2 = rot(p2, -rotangle, charPoint[0]);

	cv::Point statePoint;
//
//	if (sig == 1)
//		statePoint.x = pt2.x - (pt1.x - pt2.x);
//	else if (sig == -1)
//		statePoint.x = pt1.x;


	int width = abs(2 * (pt1.x - pt2.x));
	int height = abs(pt1.y - pt2.y);

	statePoint.x = pt2.x;
	statePoint.y = pt2.y + 0.5 * height;

	//obrót to poprzedniej pozycji
	statePoint = rot(statePoint, rotangle, charPoint[0]);

	//górny lewy wierzchołek
	state.push_back(statePoint.x);
	state.push_back(statePoint.y);
	//szerokosc
	state.push_back(width);
	//wysokosc
	state.push_back(height);
	state.push_back(angle);
}


//funkcja obliczajaca punkty charakterystyczne na podstawie wektora stanu
void KW_MAP::stateToFinger(double s1, double s2, double s3, double s4,
		double angle, int sig) {
	LOG(LTRACE) << "KW_MAP::stateToFinger\n";

	cv::Point tempPoint;

	if (sig == 1) {
		tempPoint.x = s1 + 0.5 * s4 * cos(angle);
		tempPoint.y = s2 + 0.5 * s4 * sin(angle);
		z.push_back(tempPoint);

		tempPoint.x = s1 - 0.5 * s3 * sin(angle) - 0.5 * s4 * cos(angle);
		tempPoint.y = s2 + 0.5 * s3 * cos(angle) - 0.5 * s4 * sin(angle);
		//tempPoint.x = s1 + 0.5 * s3 * cos(angle + M_PI_2) - 0.5 * s4 * cos(angle);
		//tempPoint.y = s2 + 0.5 * s3 * sin(angle + M_PI_2) - 0.5 * s4 * sin(angle);
		z.push_back(tempPoint);
	}
	if (sig == 2) {
		tempPoint.x = s1 + 0.5 * s4 * cos(angle);
		tempPoint.y = s2 + 0.5 * s4 * sin(angle);
		z.push_back(tempPoint);
	}
	if (sig == 3) {

		tempPoint.x = s1 + 0.5 * s3 * sin(angle) - 0.5 * s4 * cos(angle);
		tempPoint.y = s2 - 0.5 * s3 * cos(angle) - 0.5 * s4 * sin(angle);
		//tempPoint.x = s1 - 0.5 * s3 * cos(angle + M_PI_2) - 0.5 * s4 * cos(angle);
		//tempPoint.y = s2 - 0.5 * s3 * sin(angle + M_PI_2) - 0.5 * s4 * sin(angle);
		z.push_back(tempPoint);

		tempPoint.x = s1 + 0.5 * s4 * cos(angle);
		tempPoint.y = s2 + 0.5 * s4 * sin(angle);
		z.push_back(tempPoint);
	}
}

void KW_MAP::stateToCharPoint() {
	LOG(LTRACE) << "KW_MAP::stateToCharPoint\n";

	cv::Point rotPoint;
	cv::Point tempPoint;
	// punkt dołu dłoni
	z.push_back(cv::Point((state[0] + 0.5 * state[2]), (state[1] + state[3])));

	//punkty pierwszego palca od lewej
	stateToFinger(state[4], state[5], state[6], state[7], state[8], 1);
	//punkty drugiego palca od lewej
	stateToFinger(state[9], state[10], state[11], state[12], state[13], 1);
	//punkty środkowego palca
	stateToFinger(state[14], state[15], state[16], state[17], state[18], 1);
	//punkty czwartego palca od lewej
	stateToFinger(state[19], state[20], state[21], state[22], state[23], 2);
	//punkty kciuka
	stateToFinger(state[24], state[25], state[26], state[27], state[28], 3);

}
//projekcja na obraz estymowanych punktów charakterystycznych
void KW_MAP::projectionEstimatedPoints()
{
	//projekcja na obraz punktów charakterystycznych
	Types::Ellipse * elE;
	for (unsigned int i = 0; i < nrChar / 2; i++) {
		elE = new Types::Ellipse(Point2f(z[i].x, z[i].y), Size2f(20, 20));
		elE->setCol(CV_RGB(0,255,0));
		drawcont.add(elE);
	}

	//projekcia linii miedzy dołem dłoni a czubkami palców
	Types::Line * elL;
	for (unsigned int i = 1; i < nrChar / 2; i += 2) {
		elL = new Types::Line(cv::Point(z[0].x, z[0].y), cv::Point(z[i].x,
				z[i].y));
		elL->setCol(CV_RGB(255,0,0));
		drawcont.add(elL);
	}
}

// obliczenie części jakobianu, macierzy H,
void KW_MAP::derivatives(int indexR, int indexC, double a, double b, double c,
		double d, double e, int sig) {
	double cosE = cos(e);
	double sinE = sin(e);

	if (sig == 3) {

		H[indexR][indexC] = 1;
		H[indexR + 2][indexC] = 0.5 * sinE;
		H[indexR + 3][indexC] = -0.5 * cosE;
		H[indexR + 4][indexC] = 0.5 * cosE + 0.5 * sinE;
		//	H[indexR + 4][indexC] = 0.5 * c * cosE + 0.5 * d * sinE;

		indexC += 1;
		H[indexR + 1][indexC] = 1;
		H[indexR + 2][indexC] = -0.5 * cosE;
		H[indexR + 3][indexC] = -0.5 * sinE;
		H[indexR + 4][indexC] = 0.5 * sinE - 0.5 * cosE;

	//	H[indexR + 4][indexC] = 0.5 * c * sinE - 0.5 * d * cosE;
		indexC += 1;
	}

	H[indexR][indexC] = 1;
	H[indexR + 2][indexC] = 0.5 * cosE;
//	H[indexR + 4][indexC] = -0.5 * sinE;
	H[indexR + 4][indexC] = -0.5 * c * sinE;

	indexC += 1;
	H[indexR + 1][indexC] = 1;
	H[indexR + 2][indexC] = 0.5 * sinE;
//	H[indexR + 4][indexC] = 0.5 * cosE;
	H[indexR + 4][indexC] = 0.5 * c * cosE;

	if (sig == 1) {
		indexC += 1;
		H[indexR][indexC] = 1;
		H[indexR + 2][indexC] = -0.5 * sinE;
		H[indexR + 3][indexC] = -0.5 * cosE;
	//	H[indexR + 4][indexC] = -0.5 * cosE + 0.5 * sinE;

		H[indexR + 4][indexC] = -0.5 * c * cosE + 0.5 * d * sinE;

		indexC += 1;
		H[indexR + 1][indexC] = 1;
		H[indexR + 2][indexC] = 0.5 * cosE;
		H[indexR + 3][indexC] = - 0.5 * sinE;
	//	H[indexR + 4][indexC] = - 0.5 * sinE - 0.5 *  cosE;
		H[indexR + 4][indexC] = - 0.5 * c * sinE - 0.5 * d * cosE;
	}

	/*
	if (sig == 3) {

		H[indexR][indexC] = 1;
		H[indexR + 3][indexC] = sinE;
		H[indexR + 4][indexC] = d * cosE;

		indexC += 1;
		H[indexR + 1][indexC] = 1;
		H[indexR + 3][indexC] = cosE;
		H[indexR + 4][indexC] = -d * sinE;

		indexC += 1;
	}

	H[indexR][indexC] = 1;
	H[indexR + 2][indexC] = 0.5 * cosE;
	H[indexR + 4][indexC] = -0.5 * c * sinE;

	indexC += 1;
	H[indexR + 1][indexC] = 1;
	H[indexR + 2][indexC] = -0.5 * sinE;
	H[indexR + 4][indexC] = -0.5 * c * cosE;

	if (sig == 1) {
		indexC += 1;
		H[indexR][indexC] = 1;
		H[indexR + 2][indexC] = cosE;
		H[indexR + 3][indexC] = sinE;
		H[indexR + 4][indexC] = -c * sinE + d * cosE;

		indexC += 1;
		H[indexR + 1][indexC] = 1;
		H[indexR + 2][indexC] = -sinE;
		H[indexR + 3][indexC] = cosE;
		H[indexR + 4][indexC] = -c * cosE - d * sinE;

	}

	*/
}

// funkcja obliczająca macierz jakobianu H
void KW_MAP::calculateH() {
	for (int i = 0; i < 29; i++) {
		for (int j = 0; j < 20; j++) {
			H[i][j] = 0;
		}
		//cout<<"\n";
	}

	H[0][0] = 1;
	H[2][0] = 0.5;
	H[1][1] = 1;
	H[3][1] = 1;

	derivatives(4, 2, state[4], state[5], state[6], state[7], state[8], 1);
	derivatives(9, 6, state[9], state[10], state[11], state[12], state[13], 1);
	derivatives(14, 10, state[14], state[15], state[16], state[17], state[18],
			1);
	derivatives(19, 14, state[19], state[20], state[21], state[22], state[23],
			2);
	derivatives(24, 16, state[24], state[25], state[26], state[27], state[28],
			3);

	// plik do zapisu
	//std::ofstream plik("/home/kasia/Test.txt");

	//wyswietlanie macierzy H
	for (int i = 0; i < 29; i++) {
		for (int j = 0; j < 20; j++) {
			//plik<< setprecision(3)<<H[i][j]<<"\t";
		}
		//plik<<"\n";
	}
}

//obliczenie o ile zmieni się wektor stanu
void KW_MAP::calculateDiff() {
	LOG(LTRACE) << "KW_MAP::calculateDiff\n";

	cout << "KW_MAP::calculateDiff\n";
	//różnica miedzy wektorami h(s) i z
	double D[20];
	unsigned j = 0;
	float error2 = 0;

	for (unsigned int i = 0; i < nrChar; i = i + 2)
	{
		//różnica miedzy punktami charakterystycznymi aktualnego obraz
		D[i] =  z[j].x - charPoint[j].x;
		D[i + 1] =  z[j].y - charPoint[j].y;
		j += 1;
	}

	//obliczenie macierzy jakobianu H
	calculateH();

	double t[nrChar];
	for (unsigned int i = 0; i < nrChar; i++) {
		t[i] = 0;
		for (unsigned int j = 0; j < nrChar; j++) {
			//t = iloraz odwrotnej macierzy R * roznica D
			t[i] += 0.1* D[j];
			//t[i] += invR[i][j]/ 1.e+13* D[j];
		}
	}
	cout<<"t1\n";
	for (unsigned int i = 0; i < nrStates; i++) {
		t1[i] = 0;
		for (unsigned int j = 0; j < nrChar; j++) {
			//t1 = iloraz macierzy H * t
			t1[i] += H[i][j] * t[j];
		}
	//	cout<<t1[i]<<"\n";
	}

	double t2[nrStates];
	for (unsigned int i = 0; i < nrStates; i++) {
		t2[i] = 0;
		for (unsigned int j = 0; j < nrStates; j++) {
			//mnożenie macierzy P * t1
			t2[i] += P[i][j] * t1[j];
			cout<<"\nt2"<<t2[i];
		}
		diff.push_back(t2[i]);
	//	cout<<"t2\n";
	//	cout<<t2[i]<<"\n";
		error2 += abs(t2[i]);
	}

	cout<<"ERROR2: "<<error2<<"\n";
	/*
	if(error2 < 3)
	{
		cout<< "STOP is true\n";
		STOP = true;
	}
	*/
}
// aktualizacja wektora stanu i macierzy P
void KW_MAP::updateState() {
	cout << "KW_MAP::updateState\n";

	for (unsigned int i = 0; i < nrStates; i++) {
		state[i] = state[i] - diff[i];
//		cout << i << " states\t" << state[i] << "\n";
	}

	for (unsigned int i = 0; i < nrStates; i++) {
		for (unsigned int j = 0; j < nrStates; j++) {
			P[i][j] *= (1 - factor);
		}
	}
}

void KW_MAP::stopCondition()
{
	cout << "KW_MAP::stopCondition()\n";
	for (unsigned int i = 0; i < nrStates; i++)
	{
		diffStates.push_back(state[i] - pMean[i]);
	}

	double t2[nrStates];
	for (unsigned int i = 0; i < nrStates; i++)
	{
		t2[i] = 0;
		for (unsigned int j = 0; j < nrStates; j++) {
			//mnożenie macierzy odwrotnej P * roznica S
			t2[i] += invP[i][j] * diffStates[j];
		}
	}

	double error = 0;
	for (unsigned int i = 0; i < nrStates; i++)
	{
		T.push_back(t1[i]+t2[i]);
		error += abs(T[i]);
	}

	//warunek końca estymacji MAP
	cout<<"ERROR: "<<error<<"\n";
	if(error < 0.001)
	{
		cout<< "STOP is true\n";
		STOP = true;
	}

}

//projekcja estymowanego stanu na obraz
void KW_MAP::projectionStates() {
	cv::Point statePoint1;
	cv::Point statePoint2;
	cv::Point statePoint3;
	cv::Point statePoint4;

	statePoint1.x = statePoint4.x = state[0];
	statePoint1.y = statePoint2.y = state[1];
	statePoint2.x = statePoint3.x = state[0] + state[2];
	statePoint4.y = statePoint3.y = state[1] + state[3];

	//projekcja środa dłoni na obraz
	drawcont.add(new Types::Line(cv::Point(statePoint1.x, statePoint1.y),
			cv::Point(statePoint2.x, statePoint2.y)));
	drawcont.add(new Types::Line(cv::Point(statePoint2.x, statePoint2.y),
			cv::Point(statePoint3.x, statePoint3.y)));
	drawcont.add(new Types::Line(cv::Point(statePoint3.x, statePoint3.y),
			cv::Point(statePoint4.x, statePoint4.y)));
	drawcont.add(new Types::Line(cv::Point(statePoint4.x, statePoint4.y),
			cv::Point(statePoint1.x, statePoint1.y)));

	for (int i = 0; i < 5; ++i) {
		statePoint1.x = state[4 + i * 5];
		statePoint1.y = state[5 + i * 5];
		cv::Size2f size;
		size.width = 0.5 * state[6 + i * 5];
		size.height = 0.5 * state[7 + i * 5];
		double angle = state[8 + i * 5];

		//std::cout << angle / M_PI * 180 << std::endl;

		Types::Ellipse * elE;
		elE = new Types::Ellipse(statePoint1, size, angle / M_PI * 180 - 90);
		elE->setCol(CV_RGB(255,255,255));
		drawcont.add(elE);
		elE = new Types::Ellipse(statePoint1, Size2f(20, 20));
		elE->setCol(CV_RGB(255,255,255));
		drawcont.add(elE);
	}

}

//konstruktor
KW_MAP::KW_MAP(const std::string & name) :
	Base::Component(name) {
	LOG(LTRACE) << "Hello KW_MAP\n";
	ileObrazkow = 0;
	pMean[0] = 126.778;
	pMean[1] = 296.556;
	pMean[2] = 158.333;
	pMean[3] = 172.278;
	pMean[4] = 20.5556;
	pMean[5] = 280.889;
	pMean[6] = 53.7778;
	pMean[7] = 117.889;
	pMean[8] = 0.677179;
	pMean[9] = 116.056;
	pMean[10] = 186.111;
	pMean[11] = 32;
	pMean[12] = 125.278;
	pMean[13] = 0.254681;
	pMean[14] = 153.389;
	pMean[15] = 163.333;
	pMean[16] = 60.4444;
	pMean[17] = 139.167;
	pMean[18] = 0.0754777;
	pMean[19] = 251.5;
	pMean[20] = 173.222;
	pMean[21] = 39.4444;
	pMean[22] = 127.389;
	pMean[23] = -0.219808;
	pMean[24] = 368.167;
	pMean[25] = 311.944;
	pMean[26] = 70.7778;
	pMean[27] = 102;
	pMean[28] = -0.959125;

	P[0][0] = 0.195523;
	P[0][1] = -0.001880;
	P[0][2] = -0.043957;
	P[0][3] = 0.001559;
	P[0][4] = 0.228737;
	P[0][5] = -0.083024;
	P[0][6] = -0.019309;
	P[0][7] = 0.026870;
	P[0][8] = 0.000461;
	P[0][9] = 0.232026;
	P[0][10] = -0.059486;
	P[0][11] = -0.034602;
	P[0][12] = -0.030736;
	P[0][13] = 0.000301;
	P[0][14] = 0.219787;
	P[0][15] = -0.010039;
	P[0][16] = -0.048101;
	P[0][17] = 0.004357;
	P[0][18] = 0.000189;
	P[0][19] = 0.228480;
	P[0][20] = 0.011107;
	P[0][21] = 0.078773;
	P[0][22] = 0.009334;
	P[0][23] = 0.000228;
	P[0][24] = 0.186339;
	P[0][25] = 0.037187;
	P[0][26] = 0.058653;
	P[0][27] = 0.033064;
	P[0][28] = 0.000220;
	P[1][0] = -0.001880;
	P[1][1] = 0.001239;
	P[1][2] = 0.000513;
	P[1][3] = -0.000534;
	P[1][4] = -0.001581;
	P[1][5] = 0.000812;
	P[1][6] = 0.001751;
	P[1][7] = -0.000278;
	P[1][8] = -0.000000;
	P[1][9] = -0.002884;
	P[1][10] = 0.000406;
	P[1][11] = -0.000000;
	P[1][12] = -0.000534;
	P[1][13] = -0.000005;
	P[1][14] = -0.001410;
	P[1][15] = 0.000683;
	P[1][16] = 0.006451;
	P[1][17] = 0.001410;
	P[1][18] = 0.000001;
	P[1][19] = -0.001324;
	P[1][20] = 0.000491;
	P[1][21] = -0.006621;
	P[1][22] = 0.000406;
	P[1][23] = 0.000002;
	P[1][24] = -0.001986;
	P[1][25] = -0.001175;
	P[1][26] = -0.001880;
	P[1][27] = -0.000192;
	P[1][28] = -0.000011;
	P[2][0] = -0.043957;
	P[2][1] = 0.000513;
	P[2][2] = 0.055748;
	P[2][3] = 0.003524;
	P[2][4] = -0.024862;
	P[2][5] = 0.006408;
	P[2][6] = -0.048315;
	P[2][7] = -0.003012;
	P[2][8] = -0.000037;
	P[2][9] = -0.021338;
	P[2][10] = 0.006856;
	P[2][11] = -0.046136;
	P[2][12] = 0.001602;
	P[2][13] = -0.000025;
	P[2][14] = -0.014610;
	P[2][15] = -0.000705;
	P[2][16] = -0.008971;
	P[2][17] = 0.000577;
	P[2][18] = 0.000005;
	P[2][19] = -0.029860;
	P[2][20] = -0.002050;
	P[2][21] = -0.007049;
	P[2][22] = -0.000833;
	P[2][23] = -0.000058;
	P[2][24] = -0.017878;
	P[2][25] = -0.017429;
	P[2][26] = -0.093169;
	P[2][27] = -0.008843;
	P[2][28] = -0.000116;
	P[3][0] = 0.001559;
	P[3][1] = -0.000534;
	P[3][2] = 0.003524;
	P[3][3] = 0.001848;
	P[3][4] = 0.003247;
	P[3][5] = -0.000171;
	P[3][6] = 0.000876;
	P[3][7] = 0.001015;
	P[3][8] = 0.000004;
	P[3][9] = 0.004133;
	P[3][10] = -0.000374;
	P[3][11] = -0.003845;
	P[3][12] = 0.000694;
	P[3][13] = 0.000006;
	P[3][14] = 0.004870;
	P[3][15] = -0.000716;
	P[3][16] = -0.007732;
	P[3][17] = -0.000929;
	P[3][18] = 0.000006;
	P[3][19] = 0.003375;
	P[3][20] = -0.000043;
	P[3][21] = 0.006685;
	P[3][22] = 0.000011;
	P[3][23] = -0.000000;
	P[3][24] = 0.004582;
	P[3][25] = 0.002969;
	P[3][26] = -0.004208;
	P[3][27] = 0.000961;
	P[3][28] = 0.000012;
	P[4][0] = 0.228737;
	P[4][1] = -0.001581;
	P[4][2] = -0.024862;
	P[4][3] = 0.003247;
	P[4][4] = 0.299329;
	P[4][5] = -0.113632;
	P[4][6] = -0.078730;
	P[4][7] = 0.031185;
	P[4][8] = 0.000671;
	P[4][9] = 0.287005;
	P[4][10] = -0.073348;
	P[4][11] = -0.062284;
	P[4][12] = -0.039622;
	P[4][13] = 0.000365;
	P[4][14] = 0.276945;
	P[4][15] = -0.012452;
	P[4][16] = -0.068008;
	P[4][17] = 0.006984;
	P[4][18] = 0.000247;
	P[4][19] = 0.283822;
	P[4][20] = 0.014845;
	P[4][21] = 0.105002;
	P[4][22] = 0.012004;
	P[4][23] = 0.000279;
	P[4][24] = 0.233884;
	P[4][25] = 0.043552;
	P[4][26] = 0.030544;
	P[4][27] = 0.040754;
	P[4][28] = 0.000252;
	P[5][0] = -0.083024;
	P[5][1] = 0.000812;
	P[5][2] = 0.006408;
	P[5][3] = -0.000171;
	P[5][4] = -0.113632;
	P[5][5] = 0.047503;
	P[5][6] = 0.047973;
	P[5][7] = -0.009847;
	P[5][8] = -0.000273;
	P[5][9] = -0.108228;
	P[5][10] = 0.028173;
	P[5][11] = 0.037293;
	P[5][12] = 0.014631;
	P[5][13] = -0.000143;
	P[5][14] = -0.101435;
	P[5][15] = 0.004186;
	P[5][16] = 0.016874;
	P[5][17] = -0.003140;
	P[5][18] = -0.000088;
	P[5][19] = -0.103507;
	P[5][20] = -0.005041;
	P[5][21] = -0.030800;
	P[5][22] = -0.003930;
	P[5][23] = -0.000097;
	P[5][24] = -0.085095;
	P[5][25] = -0.012602;
	P[5][26] = -0.002093;
	P[5][27] = -0.014994;
	P[5][28] = -0.000078;
	P[6][0] = -0.019309;
	P[6][1] = 0.001751;
	P[6][2] = -0.048315;
	P[6][3] = 0.000876;
	P[6][4] = -0.078730;
	P[6][5] = 0.047973;
	P[6][6] = 0.236020;
	P[6][7] = -0.001175;
	P[6][8] = -0.000286;
	P[6][9] = -0.069781;
	P[6][10] = 0.010915;
	P[6][11] = 0.063053;
	P[6][12] = 0.012794;
	P[6][13] = -0.000116;
	P[6][14] = -0.058695;
	P[6][15] = 0.001132;
	P[6][16] = -0.023666;
	P[6][17] = -0.005703;
	P[6][18] = -0.000063;
	P[6][19] = -0.055406;
	P[6][20] = 0.004016;
	P[6][21] = 0.020548;
	P[6][22] = 0.000918;
	P[6][23] = -0.000039;
	P[6][24] = -0.043893;
	P[6][25] = 0.019651;
	P[6][26] = 0.093340;
	P[6][27] = -0.005767;
	P[6][28] = 0.000093;
	P[7][0] = 0.026870;
	P[7][1] = -0.000278;
	P[7][2] = -0.003012;
	P[7][3] = 0.001015;
	P[7][4] = 0.031185;
	P[7][5] = -0.009847;
	P[7][6] = -0.001175;
	P[7][7] = 0.008255;
	P[7][8] = 0.000054;
	P[7][9] = 0.031046;
	P[7][10] = -0.006077;
	P[7][11] = -0.008074;
	P[7][12] = -0.001869;
	P[7][13] = 0.000033;
	P[7][14] = 0.032744;
	P[7][15] = -0.001549;
	P[7][16] = -0.002606;
	P[7][17] = 0.000609;
	P[7][18] = 0.000029;
	P[7][19] = 0.036311;
	P[7][20] = 0.001816;
	P[7][21] = 0.009505;
	P[7][22] = 0.000651;
	P[7][23] = 0.000046;
	P[7][24] = 0.027265;
	P[7][25] = 0.005788;
	P[7][26] = 0.004763;
	P[7][27] = 0.004229;
	P[7][28] = 0.000030;
	P[8][0] = 0.000461;
	P[8][1] = -0.000000;
	P[8][2] = -0.000037;
	P[8][3] = 0.000004;
	P[8][4] = 0.000671;
	P[8][5] = -0.000273;
	P[8][6] = -0.000286;
	P[8][7] = 0.000054;
	P[8][8] = 0.000002;
	P[8][9] = 0.000589;
	P[8][10] = -0.000154;
	P[8][11] = -0.000150;
	P[8][12] = -0.000084;
	P[8][13] = 0.000001;
	P[8][14] = 0.000567;
	P[8][15] = -0.000021;
	P[8][16] = -0.000116;
	P[8][17] = 0.000020;
	P[8][18] = 0.000001;
	P[8][19] = 0.000591;
	P[8][20] = 0.000035;
	P[8][21] = 0.000211;
	P[8][22] = 0.000026;
	P[8][23] = 0.000001;
	P[8][24] = 0.000483;
	P[8][25] = 0.000100;
	P[8][26] = 0.000053;
	P[8][27] = 0.000094;
	P[8][28] = 0.000001;
	P[9][0] = 0.232026;
	P[9][1] = -0.002884;
	P[9][2] = -0.021338;
	P[9][3] = 0.004133;
	P[9][4] = 0.287005;
	P[9][5] = -0.108228;
	P[9][6] = -0.069781;
	P[9][7] = 0.031046;
	P[9][8] = 0.000589;
	P[9][9] = 0.309977;
	P[9][10] = -0.080642;
	P[9][11] = -0.113033;
	P[9][12] = -0.045079;
	P[9][13] = 0.000449;
	P[9][14] = 0.284506;
	P[9][15] = -0.014321;
	P[9][16] = -0.070742;
	P[9][17] = 0.005671;
	P[9][18] = 0.000261;
	P[9][19] = 0.281815;
	P[9][20] = 0.012303;
	P[9][21] = 0.097078;
	P[9][22] = 0.012399;
	P[9][23] = 0.000251;
	P[9][24] = 0.237505;
	P[9][25] = 0.034987;
	P[9][26] = 0.011726;
	P[9][27] = 0.038062;
	P[9][28] = 0.000207;
	P[10][0] = -0.059486;
	P[10][1] = 0.000406;
	P[10][2] = 0.006856;
	P[10][3] = -0.000374;
	P[10][4] = -0.073348;
	P[10][5] = 0.028173;
	P[10][6] = 0.010915;
	P[10][7] = -0.006077;
	P[10][8] = -0.000154;
	P[10][9] = -0.080642;
	P[10][10] = 0.024659;
	P[10][11] = 0.038062;
	P[10][12] = 0.014044;
	P[10][13] = -0.000124;
	P[10][14] = -0.072536;
	P[10][15] = 0.003919;
	P[10][16] = 0.022470;
	P[10][17] = -0.001570;
	P[10][18] = -0.000070;
	P[10][19] = -0.071169;
	P[10][20] = -0.003866;
	P[10][21] = -0.029625;
	P[10][22] = -0.004176;
	P[10][23] = -0.000065;
	P[10][24] = -0.058791;
	P[10][25] = -0.006685;
	P[10][26] = -0.001431;
	P[10][27] = -0.009227;
	P[10][28] = -0.000039;
	P[11][0] = -0.034602;
	P[11][1] = -0.000000;
	P[11][2] = -0.046136;
	P[11][3] = -0.003845;
	P[11][4] = -0.062284;
	P[11][5] = 0.037293;
	P[11][6] = 0.063053;
	P[11][7] = -0.008074;
	P[11][8] = -0.000150;
	P[11][9] = -0.113033;
	P[11][10] = 0.038062;
	P[11][11] = 0.287582;
	P[11][12] = 0.016917;
	P[11][13] = -0.000268;
	P[11][14] = -0.079969;
	P[11][15] = 0.005383;
	P[11][16] = -0.003845;
	P[11][17] = -0.004614;
	P[11][18] = -0.000104;
	P[11][19] = -0.066128;
	P[11][20] = -0.004229;
	P[11][21] = 0.006151;
	P[11][22] = -0.001153;
	P[11][23] = -0.000039;
	P[11][24] = -0.055748;
	P[11][25] = 0.014610;
	P[11][26] = 0.110727;
	P[11][27] = 0.003460;
	P[11][28] = 0.000101;
	P[12][0] = -0.030736;
	P[12][1] = -0.000534;
	P[12][2] = 0.001602;
	P[12][3] = 0.000694;
	P[12][4] = -0.039622;
	P[12][5] = 0.014631;
	P[12][6] = 0.012794;
	P[12][7] = -0.001869;
	P[12][8] = -0.000084;
	P[12][9] = -0.045079;
	P[12][10] = 0.014044;
	P[12][11] = 0.016917;
	P[12][12] = 0.012228;
	P[12][13] = -0.000075;
	P[12][14] = -0.039728;
	P[12][15] = 0.001591;
	P[12][16] = 0.011107;
	P[12][17] = -0.002083;
	P[12][18] = -0.000042;
	P[12][19] = -0.037379;
	P[12][20] = -0.001965;
	P[12][21] = -0.012922;
	P[12][22] = -0.002488;
	P[12][23] = -0.000033;
	P[12][24] = -0.031558;
	P[12][25] = -0.001068;
	P[12][26] = 0.001944;
	P[12][27] = -0.003845;
	P[12][28] = -0.000008;
	P[13][0] = 0.000301;
	P[13][1] = -0.000005;
	P[13][2] = -0.000025;
	P[13][3] = 0.000006;
	P[13][4] = 0.000365;
	P[13][5] = -0.000143;
	P[13][6] = -0.000116;
	P[13][7] = 0.000033;
	P[13][8] = 0.000001;
	P[13][9] = 0.000449;
	P[13][10] = -0.000124;
	P[13][11] = -0.000268;
	P[13][12] = -0.000075;
	P[13][13] = 0.000001;
	P[13][14] = 0.000374;
	P[13][15] = -0.000020;
	P[13][16] = -0.000093;
	P[13][17] = 0.000006;
	P[13][18] = 0.000000;
	P[13][19] = 0.000356;
	P[13][20] = 0.000013;
	P[13][21] = 0.000114;
	P[13][22] = 0.000019;
	P[13][23] = 0.000000;
	P[13][24] = 0.000312;
	P[13][25] = 0.000039;
	P[13][26] = 0.000001;
	P[13][27] = 0.000050;
	P[13][28] = 0.000000;
	P[14][0] = 0.219787;
	P[14][1] = -0.001410;
	P[14][2] = -0.014610;
	P[14][3] = 0.004870;
	P[14][4] = 0.276945;
	P[14][5] = -0.101435;
	P[14][6] = -0.058695;
	P[14][7] = 0.032744;
	P[14][8] = 0.000567;
	P[14][9] = 0.284506;
	P[14][10] = -0.072536;
	P[14][11] = -0.079969;
	P[14][12] = -0.039728;
	P[14][13] = 0.000374;
	P[14][14] = 0.274510;
	P[14][15] = -0.013392;
	P[14][16] = -0.066641;
	P[14][17] = 0.006728;
	P[14][18] = 0.000253;
	P[14][19] = 0.273485;
	P[14][20] = 0.012944;
	P[14][21] = 0.093682;
	P[14][22] = 0.011854;
	P[14][23] = 0.000254;
	P[14][24] = 0.227989;
	P[14][25] = 0.035243;
	P[14][26] = 0.005639;
	P[14][27] = 0.036332;
	P[14][28] = 0.000194;
	P[15][0] = -0.010039;
	P[15][1] = 0.000683;
	P[15][2] = -0.000705;
	P[15][3] = -0.000716;
	P[15][4] = -0.012452;
	P[15][5] = 0.004186;
	P[15][6] = 0.001132;
	P[15][7] = -0.001549;
	P[15][8] = -0.000021;
	P[15][9] = -0.014321;
	P[15][10] = 0.003919;
	P[15][11] = 0.005383;
	P[15][12] = 0.001591;
	P[15][13] = -0.000020;
	P[15][14] = -0.013392;
	P[15][15] = 0.001335;
	P[15][16] = 0.010082;
	P[15][17] = 0.000609;
	P[15][18] = -0.000012;
	P[15][19] = -0.012709;
	P[15][20] = -0.000491;
	P[15][21] = -0.010872;
	P[15][22] = -0.000694;
	P[15][23] = -0.000009;
	P[15][24] = -0.011374;
	P[15][25] = -0.001901;
	P[15][26] = 0.000918;
	P[15][27] = -0.001346;
	P[15][28] = -0.000012;
	P[16][0] = -0.048101;
	P[16][1] = 0.006451;
	P[16][2] = -0.008971;
	P[16][3] = -0.007732;
	P[16][4] = -0.068008;
	P[16][5] = 0.016874;
	P[16][6] = -0.023666;
	P[16][7] = -0.002606;
	P[16][8] = -0.000116;
	P[16][9] = -0.070742;
	P[16][10] = 0.022470;
	P[16][11] = -0.003845;
	P[16][12] = 0.011107;
	P[16][13] = -0.000093;
	P[16][14] = -0.066641;
	P[16][15] = 0.010082;
	P[16][16] = 0.153104;
	P[16][17] = 0.011662;
	P[16][18] = -0.000061;
	P[16][19] = -0.066342;
	P[16][20] = -0.007219;
	P[16][21] = -0.162160;
	P[16][22] = -0.007518;
	P[16][23] = -0.000057;
	P[16][24] = -0.056645;
	P[16][25] = -0.015550;
	P[16][26] = 0.012645;
	P[16][27] = -0.008074;
	P[16][28] = -0.000079;
	P[17][0] = 0.004357;
	P[17][1] = 0.001410;
	P[17][2] = 0.000577;
	P[17][3] = -0.000929;
	P[17][4] = 0.006984;
	P[17][5] = -0.003140;
	P[17][6] = -0.005703;
	P[17][7] = 0.000609;
	P[17][8] = 0.000020;
	P[17][9] = 0.005671;
	P[17][10] = -0.001570;
	P[17][11] = -0.004614;
	P[17][12] = -0.002083;
	P[17][13] = 0.000006;
	P[17][14] = 0.006728;
	P[17][15] = 0.000609;
	P[17][16] = 0.011662;
	P[17][17] = 0.002403;
	P[17][18] = 0.000008;
	P[17][19] = 0.006408;
	P[17][20] = 0.000513;
	P[17][21] = -0.011598;
	P[17][22] = 0.000352;
	P[17][23] = 0.000008;
	P[17][24] = 0.004710;
	P[17][25] = -0.001217;
	P[17][26] = -0.002371;
	P[17][27] = 0.000384;
	P[17][28] = -0.000009;
	P[18][0] = 0.000189;
	P[18][1] = 0.000001;
	P[18][2] = 0.000005;
	P[18][3] = 0.000006;
	P[18][4] = 0.000247;
	P[18][5] = -0.000088;
	P[18][6] = -0.000063;
	P[18][7] = 0.000029;
	P[18][8] = 0.000001;
	P[18][9] = 0.000261;
	P[18][10] = -0.000070;
	P[18][11] = -0.000104;
	P[18][12] = -0.000042;
	P[18][13] = 0.000000;
	P[18][14] = 0.000253;
	P[18][15] = -0.000012;
	P[18][16] = -0.000061;
	P[18][17] = 0.000008;
	P[18][18] = 0.000000;
	P[18][19] = 0.000245;
	P[18][20] = 0.000012;
	P[18][21] = 0.000079;
	P[18][22] = 0.000012;
	P[18][23] = 0.000000;
	P[18][24] = 0.000206;
	P[18][25] = 0.000027;
	P[18][26] = -0.000027;
	P[18][27] = 0.000031;
	P[18][28] = 0.000000;
	P[19][0] = 0.228480;
	P[19][1] = -0.001324;
	P[19][2] = -0.029860;
	P[19][3] = 0.003375;
	P[19][4] = 0.283822;
	P[19][5] = -0.103507;
	P[19][6] = -0.055406;
	P[19][7] = 0.036311;
	P[19][8] = 0.000591;
	P[19][9] = 0.281815;
	P[19][10] = -0.071169;
	P[19][11] = -0.066128;
	P[19][12] = -0.037379;
	P[19][13] = 0.000356;
	P[19][14] = 0.273485;
	P[19][15] = -0.012709;
	P[19][16] = -0.066342;
	P[19][17] = 0.006408;
	P[19][18] = 0.000245;
	P[19][19] = 0.286386;
	P[19][20] = 0.015357;
	P[19][21] = 0.108206;
	P[19][22] = 0.011684;
	P[19][23] = 0.000303;
	P[19][24] = 0.227348;
	P[19][25] = 0.038874;
	P[19][26] = 0.029519;
	P[19][27] = 0.037678;
	P[19][28] = 0.000214;
	P[20][0] = 0.011107;
	P[20][1] = 0.000491;
	P[20][2] = -0.002050;
	P[20][3] = -0.000043;
	P[20][4] = 0.014845;
	P[20][5] = -0.005041;
	P[20][6] = 0.004016;
	P[20][7] = 0.001816;
	P[20][8] = 0.000035;
	P[20][9] = 0.012303;
	P[20][10] = -0.003866;
	P[20][11] = -0.004229;
	P[20][12] = -0.001965;
	P[20][13] = 0.000013;
	P[20][14] = 0.012944;
	P[20][15] = -0.000491;
	P[20][16] = -0.007219;
	P[20][17] = 0.000513;
	P[20][18] = 0.000012;
	P[20][19] = 0.015357;
	P[20][20] = 0.002008;
	P[20][21] = 0.011619;
	P[20][22] = 0.001132;
	P[20][23] = 0.000023;
	P[20][24] = 0.010252;
	P[20][25] = 0.002328;
	P[20][26] = 0.001880;
	P[20][27] = 0.001730;
	P[20][28] = 0.000009;
	P[21][0] = 0.078773;
	P[21][1] = -0.006621;
	P[21][2] = -0.007049;
	P[21][3] = 0.006685;
	P[21][4] = 0.105002;
	P[21][5] = -0.030800;
	P[21][6] = 0.020548;
	P[21][7] = 0.009505;
	P[21][8] = 0.000211;
	P[21][9] = 0.097078;
	P[21][10] = -0.029625;
	P[21][11] = 0.006151;
	P[21][12] = -0.012922;
	P[21][13] = 0.000114;
	P[21][14] = 0.093682;
	P[21][15] = -0.010872;
	P[21][16] = -0.162160;
	P[21][17] = -0.011598;
	P[21][18] = 0.000079;
	P[21][19] = 0.108206;
	P[21][20] = 0.011619;
	P[21][21] = 0.191935;
	P[21][22] = 0.008821;
	P[21][23] = 0.000138;
	P[21][24] = 0.078111;
	P[21][25] = 0.022513;
	P[21][26] = 0.008416;
	P[21][27] = 0.013072;
	P[21][28] = 0.000113;
	P[22][0] = 0.009334;
	P[22][1] = 0.000406;
	P[22][2] = -0.000833;
	P[22][3] = 0.000011;
	P[22][4] = 0.012004;
	P[22][5] = -0.003930;
	P[22][6] = 0.000918;
	P[22][7] = 0.000651;
	P[22][8] = 0.000026;
	P[22][9] = 0.012399;
	P[22][10] = -0.004176;
	P[22][11] = -0.001153;
	P[22][12] = -0.002488;
	P[22][13] = 0.000019;
	P[22][14] = 0.011854;
	P[22][15] = -0.000694;
	P[22][16] = -0.007518;
	P[22][17] = 0.000352;
	P[22][18] = 0.000012;
	P[22][19] = 0.011684;
	P[22][20] = 0.001132;
	P[22][21] = 0.008821;
	P[22][22] = 0.001591;
	P[22][23] = 0.000012;
	P[22][24] = 0.009259;
	P[22][25] = 0.000812;
	P[22][26] = -0.000662;
	P[22][27] = 0.002115;
	P[22][28] = 0.000003;
	P[23][0] = 0.000228;
	P[23][1] = 0.000002;
	P[23][2] = -0.000058;
	P[23][3] = -0.000000;
	P[23][4] = 0.000279;
	P[23][5] = -0.000097;
	P[23][6] = -0.000039;
	P[23][7] = 0.000046;
	P[23][8] = 0.000001;
	P[23][9] = 0.000251;
	P[23][10] = -0.000065;
	P[23][11] = -0.000039;
	P[23][12] = -0.000033;
	P[23][13] = 0.000000;
	P[23][14] = 0.000254;
	P[23][15] = -0.000009;
	P[23][16] = -0.000057;
	P[23][17] = 0.000008;
	P[23][18] = 0.000000;
	P[23][19] = 0.000303;
	P[23][20] = 0.000023;
	P[23][21] = 0.000138;
	P[23][22] = 0.000012;
	P[23][23] = 0.000000;
	P[23][24] = 0.000206;
	P[23][25] = 0.000041;
	P[23][26] = 0.000070;
	P[23][27] = 0.000037;
	P[23][28] = 0.000000;
	P[24][0] = 0.186339;
	P[24][1] = -0.001986;
	P[24][2] = -0.017878;
	P[24][3] = 0.004582;
	P[24][4] = 0.233884;
	P[24][5] = -0.085095;
	P[24][6] = -0.043893;
	P[24][7] = 0.027265;
	P[24][8] = 0.000483;
	P[24][9] = 0.237505;
	P[24][10] = -0.058791;
	P[24][11] = -0.055748;
	P[24][12] = -0.031558;
	P[24][13] = 0.000312;
	P[24][14] = 0.227989;
	P[24][15] = -0.011374;
	P[24][16] = -0.056645;
	P[24][17] = 0.004710;
	P[24][18] = 0.000206;
	P[24][19] = 0.227348;
	P[24][20] = 0.010252;
	P[24][21] = 0.078111;
	P[24][22] = 0.009259;
	P[24][23] = 0.000206;
	P[24][24] = 0.194637;
	P[24][25] = 0.037742;
	P[24][26] = 0.026592;
	P[24][27] = 0.031911;
	P[24][28] = 0.000221;
	P[25][0] = 0.037187;
	P[25][1] = -0.001175;
	P[25][2] = -0.017429;
	P[25][3] = 0.002969;
	P[25][4] = 0.043552;
	P[25][5] = -0.012602;
	P[25][6] = 0.019651;
	P[25][7] = 0.005788;
	P[25][8] = 0.000100;
	P[25][9] = 0.034987;
	P[25][10] = -0.006685;
	P[25][11] = 0.014610;
	P[25][12] = -0.001068;
	P[25][13] = 0.000039;
	P[25][14] = 0.035243;
	P[25][15] = -0.001901;
	P[25][16] = -0.015550;
	P[25][17] = -0.001217;
	P[25][18] = 0.000027;
	P[25][19] = 0.038874;
	P[25][20] = 0.002328;
	P[25][21] = 0.022513;
	P[25][22] = 0.000812;
